image: my_map_1.pgm
resolution: 0.050000
origin: [-1.533873, -4.382620, 0.000000]
negate: 0
occupied_thresh: 0.65
free_thresh: 0.196

